1         LFAB      1.08533   49.8826
2         LFAC      1.95143   50.9609
3         LFAD      2.80472   49.4336
4         LFAE      1.42667   50.0692
5         LFAF      3.63167   49.5958
6         LFAG      3.0296    49.8689
7         LFAI      3.00806   48.5969
8         LFAJ      0.002778  48.7094
9         LFAK      2.55028   51.0406
10        LFAL      -0.001944 47.6928
11        LFAM      1.59194   50.4231
12        LFAO      -0.385    48.5447
13        LFAP      4.36333   49.4811
14        LFAQ      2.69262   49.9701
15        LFAR      2.56917   49.6731
16        LFAS      -0.144722 48.9269
17        LFAT      1.62758   50.5148
18        LFAU      -1.83     49.6228
19        LFAV      3.46544   50.3248
20        LFAW      5.88917   49.4106
21        LFAX      0.534167  48.5397
22        LFAY      2.38699   49.8731
23        LFBA      0.590619  44.1747
24        LFBC      -1.13145  44.5349
25        LFBD      -0.715344 44.8287
26        LFBE      0.520525  44.8244
27        LFBF      1.35726   43.5491
28        LFBG      -0.3175   45.6583
29        LFBH      -1.19524  46.1792
30        LFBI      0.306786  46.5874
31        LFBJ      0.918889  45.9025
32        LFBK      2.36282   46.2261
33        LFBL      1.18031   45.8608
34        LFBM      -0.51     43.9114
35        LFBN      -0.394433 46.3134
36        LFBO      1.36786   43.6351
37        LFBP      -0.418511 43.3799
38        LFBR      1.26369   43.4492
39        LFBS      -1.13222  44.3681
40        LFBT      -0.002894 43.1855
41        LFBU      0.219153  45.7295
42        LFBX      0.815217  45.1975
43        LFBY      -1.06889  43.6892
44        LFBZ      -1.53116  43.4683
45        LFCA      0.550556  46.7803
46        LFCB      0.601111  42.8006
47        LFCC      1.47859   44.3505
48        LFCD      -1.065    44.755
49        LFCE      1.95306   46.1756
50        LFCF      1.78806   44.6725
51        LFCG      1.10306   43.0078
52        LFCH      -1.11389  44.5969
53        LFCI      2.11675   43.9133
54        LFCJ      -0.423056 45.4831
55        LFCK      2.29059   43.555
56        LFCL      1.49861   43.5878
57        LFCM      3.1833    43.9891
58        LFCN      -0.034722 43.7689
59        LFCO      -0.560278 43.1647
60        LFCP      -0.513611 45.5658
61        LFCQ      2.00778   43.7686
62        LFCR      2.48331   44.4075
63        LFCS      -0.597222 44.6992
64        LFCT      -0.152778 46.9619
65        LFCU      2.42472   45.5358
66        LFCV      2.02694   44.3689
67        LFCW      0.761111  44.4003
68        LFCX      1.12694   44.0858
69        LFCY      -0.975489 45.6312
70        LFCZ      -1.16472  44.1458
71        LFDA      -0.247222 43.7086
72        LFDB      1.37694   44.0267
73        LFDC      -0.453333 45.2736
74        LFDE      2.06778   45.4206
75        LFDF      0.175556  44.8525
76        LFDG      1.87417   43.8831
77        LFDH      0.600047  43.6868
78        LFDI      -0.136111 44.985
79        LFDJ      1.69585   43.0907
80        LFDK      -1.08389  45.4939
81        LFDL      0.100833  47.0361
82        LFDM      0.200278  44.4992
83        LFDN      -0.982394 45.8895
84        LFDP      -1.31139  45.9578
85        LFDQ      0.519444  43.2775
86        LFDR      -0.05725  44.5669
87        LFDS      1.24361   44.7922
88        LFDT      0.0775    43.215
89        LFDU      -0.882222 45.1978
90        LFDV      0.188333  46.2706
91        LFDW      0.642222  46.5833
92        LFDX      1.00722   44.4592
93        LFDY      -0.479167 44.8772
94        LFEA      -3.19889  47.3261
95        LFEB      -2.10333  48.4433
96        LFEC      -5.06358  48.4632
97        LFED      -2.92333  48.0569
98        LFEF      0.941111  47.3406
99        LFEG      1.60111   46.5958
100       LFEH      2.39417   47.4806
101       LFEI      2.78185   47.6146
102       LFEJ      1.62      46.8408
103       LFEK      2.04139   46.8886
104       LFEL      1.08583   46.62
105       LFEM      2.68583   47.9606
106       LFEN      0.699444  47.2667
107       LFEP      4.56028   47.2206
108       LFEQ      -3.10167  47.4814
109       LFER      -2.03806  47.6986
110       LFES      -3.66404  48.0537
111       LFET      5.21083   47.5464
112       LFEU      5.18417   48.8678
113       LFEV      5.62139   47.4322
114       LFEW      4.26444   47.2386
115       LFEX      6.23972   48.5919
116       LFEY      -2.3925   46.7175
117       LFEZ      6.20639   48.7236
118       LFFB      2.42444   48.3503
119       LFFC      1.68972   49.0789
120       LFFD      1.25083   48.8975
121       LFFE      2.35194   49.0456
122       LFFG      3.27889   48.7575
123       LFFH      3.35556   49.0667
124       LFFI      -1.17889  47.4072
125       LFFJ      5.14333   48.3853
126       LFFK      -0.793889 46.4408
127       LFFL      1.63861   48.5147
128       LFFN      4.48222   48.4297
129       LFFO      -2.08861  46.8906
130       LFFP      2.19111   48.1564
131       LFFQ      2.32996   48.4995
132       LFFR      4.4125    48.0661
133       LFFT      5.72028   48.3617
134       LFFU      2.37694   46.8711
135       LFFV      2.06667   47.1947
136       LFFW      -1.32722  46.9322
137       LFFX      4.97528   46.5614
138       LFFY      1.63861   49.3061
139       LFFZ      3.76278   48.7094
140       LFGA      7.35915   48.1104
141       LFGB      7.43028   47.7364
142       LFGC      7.7775    48.5536
143       LFGE      3.89833   47.5019
144       LFGF      4.89639   47.0103
145       LFGG      6.83083   47.701
146       LFGH      2.91833   47.3603
147       LFGI      4.94694   47.3853
148       LFGJ      5.43493   47.0427
149       LFGK      3.39083   47.9944
150       LFGL      5.46917   46.675
151       LFGM      4.33278   46.6033
152       LFGN      4.13306   46.4667
153       LFGO      3.24889   48.2894
154       LFGP      3.77694   47.9814
155       LFGQ      4.34306   47.4811
156       LFGR      5.93139   49.1519
157       LFGS      5.57194   49.4836
158       LFGT      7.08      48.7183
159       LFGU      7.10667   49.1275
160       LFGW      5.47085   49.1222
161       LFGX      5.81972   46.7639
162       LFGY      7.0075    48.2664
163       LFGZ      4.96833   47.1422
164       LFHA      3.26611   45.5139
165       LFHC      5.18611   45.8686
166       LFHD      4.71694   44.3978
167       LFHE      5.10139   45.0647
168       LFHF      4.33278   44.4447
169       LFHG      4.53444   45.4919
170       LFHH      4.82778   45.4628
171       LFHI      5.4525    45.6869
172       LFHJ      4.91222   45.6528
173       LFHL      3.88722   44.7056
174       LFHM      6.64917   45.8236
175       LFHN      5.80472   46.1233
176       LFHO      4.37173   44.5394
177       LFHP      3.76344   45.0797
178       LFHQ      2.99264   45.0749
179       LFHR      3.35833   45.3239
180       LFHS      5.29179   46.2056
181       LFHT      3.745     45.5156
182       LFHU      6.08361   45.0875
183       LFHV      4.63493   45.92
184       LFHW      4.71389   46.1411
185       LFHX      3.5875    46.2531
186       LFHY      3.42161   46.5344
187       LFHZ      6.63889   45.95
188       LFIB      0.958889  44.7825
189       LFID      0.386111  43.9092
190       LFIF      2.74722   43.8228
191       LFIG      2.51778   44.1783
192       LFIH      0.016944  45.2681
193       LFIK      0.265833  45.2394
194       LFIL      -0.949167 43.9158
195       LFIM      0.619167  43.1075
196       LFIP      0.435556  42.7967
197       LFIR      1.97889   43.4803
198       LFIS      1.73611   50.8825
199       LFIT      1.72417   43.6111
200       LFIV      -1.11583  45.3806
201       LFIX      -1.42222  43.3375
202       LFIY      -0.524358 45.9652
203       LFJA      5.05      48.0917
204       LFJB      -0.6975   46.9031
205       LFJC      3.5075    47.4375
206       LFJD      5.49667   46.0397
207       LFJE      5.40333   44.4967
208       LFJF      5.15389   44.6953
209       LFJH      1.05      43.2008
210       LFJI      -1.07722  45.8239
211       LFJL      6.24653   48.9783
212       LFJR      -0.312128 47.5602
213       LFJS      3.28306   49.345
214       LFJT      0.712778  47.15
215       LFJU      2.94472   46.7122
216       LFJV      -0.286944 43.4253
217       LFJY      5.87609   49.0255
218       LFKA      6.32972   45.6272
219       LFKB      9.48485   42.55
220       LFKC      8.79301   42.5244
221       LFKD      6.80111   45.2539
222       LFKE      5.30917   45.0264
223       LFKF      9.09675   41.5021
224       LFKG      9.40028   42.0544
225       LFKH      5.67944   45.5158
226       LFKJ      8.80244   41.9239
227       LFKL      4.69665   45.7107
228       LFKM      4.305     45.6064
229       LFKO      8.89389   41.6603
230       LFKP      5.38389   45.5589
231       LFKR      6.27781   45.375
232       LFKS      9.40528   41.9264
233       LFKT      9.1925    42.2903
234       LFKX      6.5775    45.4075
235       LFKY      5.69167   45.6939
236       LFLA      3.49658   47.8463
237       LFLB      5.88012   45.6393
238       LFLC      3.16245   45.786
239       LFLD      2.37008   47.0608
240       LFLE      5.97583   45.5606
241       LFLG      5.84861   45.2181
242       LFLH      4.81706   46.8283
243       LFLI      6.26833   46.1919
244       LFLJ      6.6325    45.3958
245       LFLK      5.66639   46.2786
246       LFLL      5.08111   45.7256
247       LFLM      4.79586   46.2959
248       LFLN      4.0211    46.4065
249       LFLO      3.99972   46.0528
250       LFLP      6.10629   45.9308
251       LFLQ      4.73917   44.5803
252       LFLR      4.82472   45.255
253       LFLS      5.33266   45.3629
254       LFLT      2.57056   46.3528
255       LFLU      4.96874   44.9156
256       LFLV      3.40403   46.1718
257       LFLW      2.41672   44.8976
258       LFLX      1.72113   46.8603
259       LFLY      4.93884   45.7295
260       LFLZ      4.19694   45.7067
261       LFMA      5.36722   43.5053
262       LFMC      6.38694   43.3847
263       LFMD      6.95417   43.5464
264       LFME      4.41444   43.8531
265       LFMF      6.70167   43.6081
266       LFMG      1.98917   43.4064
267       LFMH      4.29731   45.534
268       LFMI      4.92424   43.5224
269       LFMK      2.30854   43.2158
270       LFML      5.21512   43.4366
271       LFMN      7.21498   43.6654
272       LFMO      4.86858   44.1401
273       LFMP      2.86972   42.7408
274       LFMQ      5.78611   43.2522
275       LFMR      6.60917   44.3872
276       LFMS      4.14292   44.0727
277       LFMT      3.96138   43.5833
278       LFMU      3.3534    43.3234
279       LFMV      4.90203   43.9066
280       LFMW      1.92      43.3111
281       LFMX      5.99083   44.0586
282       LFMY      5.10817   43.6029
283       LFMZ      2.73278   43.175
284       LFNA      6.03667   44.4539
285       LFNB      3.52763   44.5041
286       LFNC      6.59917   44.7006
287       LFNE      5.01278   43.6575
288       LFNF      5.78306   43.7364
289       LFNG      4.07028   43.6103
290       LFNH      5.09      44.0225
291       LFNJ      5.73611   44.5178
292       LFNL      3.78167   43.8003
293       LFNN      3.05167   43.1942
294       LFNO      3.46556   44.2856
295       LFNP      3.41194   43.5047
296       LFNQ      2.12002   42.5435
297       LFNR      5.1775    43.5367
298       LFNS      5.92917   44.2867
299       LFNT      4.75444   43.9961
300       LFNU      4.39383   44.0835
301       LFNV      4.90694   44.3358
302       LFNW      2.05472   42.9103
303       LFNX      3.14472   43.6397
304       LFNZ      4.89444   43.7708
305       LFOA      2.63889   47.0569
306       LFOB      2.11281   49.4544
307       LFOC      1.37944   48.0579
308       LFOD      -0.113553 47.2567
309       LFOE      1.22      49.0286
310       LFOF      0.108333  48.4467
311       LFOG      -0.594722 48.7497
312       LFOH      0.088119  49.5338
313       LFOI      1.8325    50.1431
314       LFOJ      1.76056   47.9878
315       LFOK      4.20616   48.7733
316       LFOL      0.657778  48.7589
317       LFOM      -1.50472  49.2033
318       LFON      1.36139   48.7058
319       LFOO      -1.725    46.4756
320       LFOP      1.18394   49.391
321       LFOQ      1.20578   47.6798
322       LFOR      1.52389   48.4589
323       LFOS      0.655556  49.8353
324       LFOT      0.723181  47.4318
325       LFOU      -0.877217 47.0819
326       LFOV      -0.742781 48.0322
327       LFOW      3.20667   49.8169
328       LFOX      2.07389   48.3811
329       LFOY      0.359722  49.5439
330       LFOZ      2.16421   47.8976
331       LFPA      2.31167   49.165
332       LFPB      2.44149   48.9695
333       LFPC      2.51917   49.2536
334       LFPD      0.565556  49.1025
335       LFPE      2.83389   48.9269
336       LFPF      1.90889   48.8436
337       LFPG      2.54782   49.0097
338       LFPH      2.60611   48.8967
339       LFPK      3.01444   48.8375
340       LFPL      2.62278   48.8219
341       LFPM      2.67078   48.6053
342       LFPN      2.11118   48.7498
343       LFPO      2.37958   48.7233
344       LFPP      2.73694   49.1092
345       LFPQ      2.90278   48.7061
346       LFPT      2.04072   49.0966
347       LFPU      2.79944   48.3419
348       LFPV      2.19169   48.7742
349       LFPX      1.98028   48.8422
350       LFPZ      2.07333   48.8103
351       LFQA      4.15658   49.2087
352       LFQB      4.01662   48.3216
353       LFQC      6.54222   48.5936
354       LFQD      2.80278   50.3239
355       LFQE      5.67605   49.2291
356       LFQF      4.26111   46.9711
357       LFQG      3.11074   47.0037
358       LFQH      4.57944   47.8453
359       LFQJ      4.03      50.3083
360       LFQK      4.35278   48.9056
361       LFQL      2.81972   50.4664
362       LFQM      6.08055   47.2053
363       LFQN      2.23583   50.7294
364       LFQO      3.07556   50.6872
365       LFQP      7.20513   48.7682
366       LFQQ      3.08682   50.5634
367       LFQS      2.99333   50.3383
368       LFQT      2.64009   50.6166
369       LFQU      7.07639   48.9508
370       LFQV      4.64281   49.7851
371       LFQW      6.20417   47.6386
372       LFQX      4.81944   48.1139
373       LFQY      7.42583   48.7533
374       LFQZ      6.71417   48.7744
375       LFRB      -4.42175  48.4471
376       LFRC      -1.4753   49.6508
377       LFRD      -2.07995  48.5877
378       LFRE      -2.34694  47.2883
379       LFRF      -1.56383  48.8829
380       LFRG      0.159997  49.3634
381       LFRH      -3.43995  47.7605
382       LFRI      -1.38176  46.7024
383       LFRJ      -4.15164  48.5303
384       LFRK      -0.449875 49.1733
385       LFRL      -4.44369  48.2825
386       LFRM      0.201647  47.9485
387       LFRN      -1.73223  48.0719
388       LFRO      -3.47194  48.7544
389       LFRP      -2.37872  48.0019
390       LFRQ      -4.16787  47.9749
391       LFRS      -1.60781  47.157
392       LFRT      -2.85654  48.5375
393       LFRU      -3.81667  48.6007
394       LFRV      -2.72338  47.7192
395       LFRW      -1.40583  48.6608
396       LFRZ      -2.1568   47.3106
397       LFSA      6.08306   47.2736
398       LFSB      7.52922   47.5899
399       LFSC      7.39972   47.9219
400       LFSD      5.09498   47.2658
401       LFSE      6.44833   48.2114
402       LFSF      6.13389   49.0764
403       LFSG      6.06674   48.325
404       LFSH      7.81917   48.7969
405       LFSI      4.90819   48.6335
406       LFSJ      5.03667   49.6589
407       LFSK      4.68333   48.7022
408       LFSL      1.48567   45.0396
409       LFSM      6.79147   47.4867
410       LFSN      6.22605   48.6921
411       LFSO      5.95452   48.5832
412       LFSP      6.32917   46.9083
413       LFST      7.63444   48.5419
414       LFSU      5.29361   47.9642
415       LFSV      6.05639   48.6
416       LFSW      4.08528   49.0044
417       LFSX      6.365     47.7872
418       LFTF      6.12729   43.2476
419       LFTH      6.14603   43.0973
420       LFTM      5.72722   44.4572
421       LFTN      4.01111   44.2431
422       LFTP      6.16278   43.8689
423       LFTQ      -1.18806  47.7406
424       LFTW      4.41634   43.7574
425       LFTZ      6.4825    43.2064
426       LFXA      5.33778   45.9797
427       LFXB      -0.636111 45.7019
428       LFXQ      -2.18194  47.9439
429       LFXU      1.94167   48.9986
430       LFYG      3.265     50.1425
431       LFYR      1.68889   47.3208
432       LFYS      2.01083   42.4472
433       LFYV      0.7325    49.6386
